STARLINK-1266           
1 45383C 20019Z   25222.11715278  .00007425  00000+0  49759-3 0  2223
2 45383  53.0555  16.4062 0001277  90.4691 348.9142 15.06382523    10
STARLINK-1284           
1 45390C 20019AG  25222.11993056  .00009031  00000+0  60536-3 0  2224
2 45390  53.0554  16.3918 0001302  94.3472 340.1063 15.06374145    12
STARLINK-1258           
1 45381C 20019X   25222.15118056  .00218740  00000+0  13142-2 0  2226
2 45381  53.0529 345.3950 0009168 271.1325  81.2135 15.76776119    12
STARLINK-1292           
1 45394C 20019AL  25222.10812500  .00167960  00000+0  23933-2 0  2226
2 45394  53.0557   6.2785 0006022 274.0151 202.1510 15.55509790    18
STARLINK-2238           
1 48584C 21041AH  25222.10534722  .00009012  00000+0  60397-3 0  2222
2 48584  53.0552  11.4555 0001321  94.3387 348.4987 15.06378092    18
STARLINK-2241           
1 48586C 21041AK  25222.10812500  .00010778  00000+0  72246-3 0  2224
2 48586  53.0552  11.4430 0001331  93.7459 344.1501 15.06370296    19
STARLINK-2237           
1 48583C 21041AG  25222.10256944  .00009333  00000+0  62565-3 0  2223
2 48583  53.0552  11.4734 0001237  81.8258 205.9354 15.06368899    19
STARLINK-1255           
1 45399C 20019AR  25222.11576389  .00008210  00000+0  55045-3 0  2226
2 45399  53.0554   6.4133 0001304  97.7558 329.1009 15.06367032    18
STARLINK-1316           
1 45415C 20019BH  25222.12409722  .00008713  00000+0  58416-3 0  2225
2 45415  53.0551   6.3725 0001305  78.3995  13.7087 15.06364195    10
STARLINK-2224           
1 48573C 21041W   25222.09701389  .00010750  00000+0  72082-3 0  2228
2 48573  53.0556   1.4943 0001142  79.0371 333.5934 15.06360107    19
STARLINK-2217           
1 48568C 21041R   25222.10326389  .00010309  00000+0  69120-3 0  2226
2 48568  53.0555   1.4662 0001217  84.0530 342.4803 15.06361600    19
STARLINK-2107           
1 47723C 21017B   25222.10534722  .00009373  00000+0  62840-3 0  2224
2 47723  53.0553   1.4572 0001174  77.6340 340.2083 15.06364668    11
STARLINK-2063           
1 48553C 21041A   25222.10951389  .00011174  00000+0  74932-3 0  2222
2 48553  53.0555   1.4387 0001215  79.4078 341.0798 15.06355840    17
STARLINK-2246
1 48590C 21041AP  22112.95533802  .00000000  00000-0  00000-0 0  1124
2 48590  53.0376 346.1413 0044329  99.6425 318.3221 16.65224745    14           