STARLINK-1008           
1 44714C 19074B   25222.13798611  .00007346  00000+0  49238-3 0  2227
2 44714  53.0535  56.3142 0001376  87.8989 344.5028 15.06377273    18
STARLINK-1010           
1 44716C 19074D   25222.11854167  .00197400  00000+0  18508-2 0  2222
2 44716  53.0543  25.2862 0006553 257.3194  13.7140 15.66317474    10
STARLINK-1011           
1 44717C 19074E   25222.01993056  .01153400  00000+0  32080-1 0  2226
2 44717  53.0540  75.5571 0001236  93.0105 330.0040 15.35129582    14
STARLINK-1012           
1 44718C 19074F   25222.14145833  .00007387  00000+0  49516-3 0  2228
2 44718  53.0544  56.2986 0001380  84.6833 126.6017 15.06375158    12
STARLINK-1013           
1 44719C 19074G   25222.13381944  .00423340  00000+0  93991-3 0  2220
2 44719  53.0460  10.0223 0002528 275.7931  96.3998 15.96764283    10
STARLINK-1015           
1 44721C 19074J   25222.14979167  .00246030  00000+0  13608-2 0  2229
2 44721  53.0517  17.4612 0003567 180.6764 185.4715 15.78649634    10
STARLINK-1017           
1 44723C 19074L   25222.15048611  .00028471  00000+0  17842-2 0  2224
2 44723  53.0540  55.7301 0003128 127.9827 225.9457 15.08825921    16
STARLINK-1019           
1 44724C 19074M   25222.13937500  .00009095  00000+0  60957-3 0  2224
2 44724  53.0542  56.3058 0001414  94.4669 125.5369 15.06375731    17
STARLINK-1020           
1 44725C 19074N   25222.14215278  .00010366  00000+0  69501-3 0  2224
2 44725  53.0528  76.2946 0001404  87.0697 118.0086 15.06364189    15
STARLINK-1021           
1 44726C 19074P   25222.11784722  .00239950  00000+0  16047-2 0  2225
2 44726  53.0492  21.9672 0005457 177.0919  94.7354 15.74357958    17
STARLINK-1029           
1 44734C 19074X   25222.13381944  .00138680  00000+0  10839-2 0  2226
2 44734  53.0557 304.2410 0010762 313.8591 276.3034 15.70744778    15
STARLINK-1030           
1 44735C 19074Y   25222.06923611  .00269480  00000+0  13039-2 0  2220
2 44735  53.0458  41.4076 0003954 161.3225 160.9832 15.81538231    10
STARLINK-1031           
1 44736C 19074Z   25222.14909722  .00078749  00000+0  25243-2 0  2223
2 44736  53.0566  64.2733 0004569 126.6675 114.4285 15.31712200    11
STARLINK-1036           
1 44741C 19074AE  25222.13381944  .00012224  00000+0  81939-3 0  2229
2 44741  53.0537  76.3343 0001406  79.9319 279.8784 15.06371116    17
STARLINK-1039           
1 44744C 19074AH  25222.14909722  .00033066  00000+0  21546-2 0  2227
2 44744  53.0529  96.1721 0002837 141.5410  17.9662 15.07392040    14
STARLINK-1042           
1 44747C 19074AL  25222.03173611  .00018679  00000+0  46724-3 0  2227
2 44747  53.0493  21.9021 0002180 193.4269 156.3383 15.39518240    10
STARLINK-1043           
1 44748C 19074AM  25222.13729167  .00015922  00000+0  10676-2 0  2226
2 44748  53.0532  96.3182 0001398  78.7001  89.9798 15.06356057    19
STARLINK-1046           
1 44751C 19074AQ  25222.14145833  .00015387  00000+0  10316-2 0  2229
2 44751  53.0538  96.3005 0001401  81.8672  29.4151 15.06360388    11
STARLINK-1047           
1 44752C 19074AR  25222.14631944  .00010415  00000+0  39315-3 0  2221
2 44752  53.0694  50.0166 0001348 246.5450 109.2415 15.26473161    10
STARLINK-1048           
1 44753C 19074AS  25222.13798611  .00008342  00000+0  55904-3 0  2224
2 44753  53.0536  56.3134 0001408  90.3194 222.0739 15.06382899    15
STARLINK-1053           
1 44758C 19074AX  25222.14215278  .00030118  00000+0  48953-3 0  2225
2 44758  53.0440  43.4889 0000418 127.7577  34.9410 15.52056739    16
STARLINK-1054           
1 44759C 19074AY  25222.11715278  .00128570  00000+0  20973-2 0  2229
2 44759  53.0493  74.8096 0007257 130.6186 266.2801 15.51826298    18
STARLINK-1056           
1 44761C 19074BA  25222.10118056  .00135900  00000+0  14515-2 0  2222
2 44761  53.0476  67.8956 0003030 216.1190   6.7716 15.63127974    19
STARLINK-1057           
1 44762C 19074BB  25222.08590278  .00248630  00000+0  16514-2 0  2226
2 44762  53.0488  43.2189 0005990 149.5658 179.7163 15.74502176    14
STARLINK-1060           
1 44765C 19074BE  25222.13173611  .00011279  00000+0  75602-3 0  2224
2 44765  53.0534  76.3391 0001353  91.3437  97.1771 15.06371250    19
STARLINK-1063           
1 44768C 19074BH  25222.14076389  .00013021  00000+0  87300-3 0  2227
2 44768  53.0529  96.3003 0001334  97.0913  70.4386 15.06361917    14