STARLINK-1008           
1 44714C 19074B   25222.13798611  .00007346  00000+0  49238-3 0  2227
2 44714  53.0535  56.3142 0001376  87.8989 344.5028 15.06377273    18
STARLINK-1010           
1 44716C 19074D   25222.11854167  .00197400  00000+0  18508-2 0  2222
2 44716  53.0543  25.2862 0006553 257.3194  13.7140 15.66317474    10
STARLINK-1011           
1 44717C 19074E   25222.01993056  .01153400  00000+0  32080-1 0  2226
2 44717  53.0540  75.5571 0001236  93.0105 330.0040 15.35129582    14
STARLINK-1012           
1 44718C 19074F   25222.14145833  .00007387  00000+0  49516-3 0  2228
2 44718  53.0544  56.2986 0001380  84.6833 126.6017 15.06375158    12
STARLINK-1013           
1 44719C 19074G   25222.13381944  .00423340  00000+0  93991-3 0  2220
2 44719  53.0460  10.0223 0002528 275.7931  96.3998 15.96764283    10
STARLINK-1015           
1 44721C 19074J   25222.14979167  .00246030  00000+0  13608-2 0  2229
2 44721  53.0517  17.4612 0003567 180.6764 185.4715 15.78649634    10
STARLINK-1017           
1 44723C 19074L   25222.15048611  .00028471  00000+0  17842-2 0  2224
2 44723  53.0540  55.7301 0003128 127.9827 225.9457 15.08825921    16
STARLINK-1019           
1 44724C 19074M   25222.13937500  .00009095  00000+0  60957-3 0  2224
2 44724  53.0542  56.3058 0001414  94.4669 125.5369 15.06375731    17
STARLINK-1020           
1 44725C 19074N   25222.14215278  .00010366  00000+0  69501-3 0  2224
2 44725  53.0528  76.2946 0001404  87.0697 118.0086 15.06364189    15
STARLINK-1021           
1 44726C 19074P   25222.11784722  .00239950  00000+0  16047-2 0  2225
2 44726  53.0492  21.9672 0005457 177.0919  94.7354 15.74357958    17
STARLINK-1029           
1 44734C 19074X   25222.13381944  .00138680  00000+0  10839-2 0  2226
2 44734  53.0557 304.2410 0010762 313.8591 276.3034 15.70744778    15
STARLINK-1030           
1 44735C 19074Y   25222.06923611  .00269480  00000+0  13039-2 0  2220
2 44735  53.0458  41.4076 0003954 161.3225 160.9832 15.81538231    10
STARLINK-1031           
1 44736C 19074Z   25222.14909722  .00078749  00000+0  25243-2 0  2223
2 44736  53.0566  64.2733 0004569 126.6675 114.4285 15.31712200    11
STARLINK-1036           
1 44741C 19074AE  25222.13381944  .00012224  00000+0  81939-3 0  2229
2 44741  53.0537  76.3343 0001406  79.9319 279.8784 15.06371116    17